RELU_PRECISION_V1
50 25
4255252481 4255645697 4258922497 4260364289 4261675009 4264427521 4265476097 4266393601 4267442177 1040842753 1042415617 1043464193 1045430273 1048707073 1049100289 1051721729 1052508161 1053818881 1054212097 1055260673 1056178177 1056440321 1060765697 1062469633 1062862849 1064697857 1065484289 1068236801 1070727169 1071513601 1073479681 2135162881 4272291841 4272685057 1040056321 2135818241 4273340417 2142502913 4274126849 4276092929 2144468993 2146041857 2146959361 4277403649 4279369729 2147352577 4280025089 4280156161 4281204737 1038745601 4293918721 4291952641 4289462273 4288806913 4286709761 4286054401 4284874753 4284088321 4283301889 4271505409 4271374337 4269015041 4253024257 4252631041 4252106753 4251844609 4247388161 4245553153 4245422081 4243980289 4241883137 4241620993 4241489921 4240310273 4240048129
3
15 0 6 40 40.100000000000001 4
2 0 1 80 50.000352262127691
4 1 3 100.00070452425538 40.007757738523814
3 1 2 90.000352262127691 60.003349245508474
8 3 4 80.015515477047629 50.022931131691287
combine 4 6 100.07665910453503 40.100000000000001
8
combine 3 4 80.04631231820008 50.053727972843738
4
combine 1 3 100.03150136540783 40.038554579676266
2
leaf 0 1 80.030796841152451 50.031149103280143
1 -4.0270201200636233
leaf 0 1 130.03114910328014 100.03150136540783
1 2.243187978526648
leaf 2 3 110.04225608731244 80.04631231820008
3 1.1583708205212988 -0.24378614014677616
combine 3 4 130.06924344989136 100.07665910453503
4
leaf 2 3 120.0574294804799 90.061485711367538
3 0.38878894178135931 -0.34103182272202132
leaf 2 3 160.06518721900372 130.06924344989136
3 1.3110156470890746 -0.46554445822061141
15 6 12 40.100000000000001 44 4
2 6 7 80.200000000000003 50.214691701386784
4 7 9 100.42938340277357 40.462150059881452
3 7 8 90.314691701386778 60.329917239982066
8 9 10 80.924300119762904 50.947735994981954
combine 10 12 103.95115836641571 44
8
combine 9 10 82.979986496214735 53.003422371433757
4
combine 7 9 102.4850697792254 42.517836436333283
2
leaf 6 7 82.255686376451848 52.270378077838615
1 -4.1144251614039149
leaf 6 7 132.4703780778386 102.4850697792254
1 0.93680785180227222
leaf 8 9 112.96244537770212 82.979986496214735
3 0.13312678038183748 -0.45988074662238737
combine 9 10 133.92772249119668 103.95115836641571
4
leaf 8 9 123.44803131280264 93.465572431315223
3 -0.058402193560527074 -0.56048531218535647
leaf 8 9 163.91018137268406 133.92772249119668
3 0.77658111917095896 -0.68184097760015783
27 12 19 44 89.871122387100513 7
2 12 13 88 58.026481993927774
4 13 15 116.05296398785555 56.108799926644849
3 13 15 102.02648199392777 42.082317932717075
8 15 17 112.2175998532897 52.280988508024848
5 15 16 100.10879992664485 70.138694034660915
7 15 16 98.191117859361924 68.22101196737799
16 17 19 104.5619770160497 44.634562708623733
combine 19 19 89.871122387100513 89.871122387100513
16
combine 17 19 105.16397398590277 45.23655967847678
8
leaf 15 17 112.81959682314272 52.882985477877924
3 -0.017732734281918773 -0.0090840943441134626
leaf 16 17 135.13047943918366 105.16397398590277
7 -0.19732584204806608 -0.1411166195583439 -0.052675736911616873 -0.026312988130283786
combine 17 19 149.79853669452655 89.871122387100513
8
leaf 16 17 127.48405363978259 97.517548186501699
7 -0.78912296503546786 -0.72741137353811158 -0.32554529142034655 -0.18601751738208003
leaf 16 17 179.76504214780743 149.79853669452655
7 -0.042857894008498022 -0.7747926099066248 -0.18128174370012556 -0.24546846913474671
19 3
c5bd1e4cce6af0630afa3f637bb1c71e81d91d44d00cfa3f9ca6724af61a8ae1 eaf476ef2707290d7d5895bad2c072b8dc174c3009aa1795a146fa2cfd160bbf
